EST,Max TemperatureC,Mean TemperatureC,Min TemperatureC,Dew PointC,MeanDew PointC,Min DewpointC,Max Humidity, Mean Humidity, Min Humidity, Max Sea Level PressurehPa, Mean Sea Level PressurehPa, Min Sea Level PressurehPa, Max VisibilityKm, Mean VisibilityKm, Min VisibilitykM, Max Wind SpeedKm/h, Mean Wind SpeedKm/h, Max Gust SpeedKm/h,Precipitationmm, CloudCover, Events,WindDirDegrees
2014-3-1,23,21,18,20,18,16,94,87,57,1022,1020,1018,26,10,3,35,18,,2.03,6,Rain,180
2014-3-2,23,21,18,19,17,14,94,80,52,1023,1020,1018,31,10,4,32,19,,0.25,6,Rain,176
2014-3-3,24,21,19,20,17,14,94,76,56,1026,1024,1022,31,10,5,27,18,,3.05,5,Rain,144
2014-3-4,26,22,19,18,17,14,94,72,42,1027,1024,1021,31,12,8,21,11,,0.00,4,Rain,355
2014-3-5,30,24,18,20,17,13,100,69,27,1021,1016,1013,31,12,0,42,13,60,12.95,3,Rain-Thunderstorm,337
2014-3-6,24,22,19,20,18,17,88,78,60,1020,1017,1015,26,11,10,47,24,60,0.25,5,,196
2014-3-7,27,23,19,19,18,16,83,68,45,1021,1019,1017,26,12,10,26,13,29,0.00,4,Rain-Thunderstorm,6
2014-3-8,28,24,21,19,17,10,88,66,23,1023,1021,1020,31,13,10,34,18,,0.00,3,,49
2014-3-9,27,23,20,19,17,13,88,63,33,1024,1022,1020,31,13,10,27,11,,0.00,3,Rain,15
2014-3-10,28,25,22,18,17,13,78,58,30,1024,1022,1021,31,12,10,32,16,,0.00,2,,30
2014-3-11,28,24,19,18,16,12,83,59,30,1024,1022,1019,31,11,10,34,14,,0.00,2,,6
2014-3-12,28,23,19,21,17,15,83,63,37,1020,1017,1015,31,16,10,29,14,,27.94,4,Rain,5
2014-3-13,24,21,18,21,18,16,100,82,59,1021,1019,1017,31,10,1,42,26,,0.00,4,Rain-Thunderstorm,180
2014-3-14,28,23,18,18,17,13,94,65,29,1019,1016,1013,31,16,10,37,14,,0.00,4,,8
2014-3-15,27,23,20,19,17,15,94,66,41,1014,1010,1006,31,15,1,34,18,50,9.91,4,Rain-Thunderstorm,8
2014-3-16,29,24,19,18,13,4,83,52,19,1013,1005,1002,31,16,5,39,18,58,4.06,2,Rain-Thunderstorm,302
2014-3-17,28,21,15,12,8,4,59,40,14,1019,1015,1012,31,17,10,34,18,,0.00,1,,318
2014-3-18,29,22,16,14,11,7,72,44,16,1021,1020,1018,31,31,31,27,13,,0.00,,,352
2014-3-19,24,21,18,20,18,12,88,72,43,1026,1023,1021,31,12,10,39,18,61,0.00,3,,175
2014-3-20,27,23,19,19,17,15,83,65,40,1027,1025,1023,31,13,10,32,16,,0.00,3,Rain,74
2014-3-21,27,24,21,20,17,14,88,64,36,1024,1020,1018,31,12,6,32,14,,0.00,4,Rain-Thunderstorm,11
2014-3-22,30,24,18,20,17,15,88,68,33,1019,1016,1013,31,12,3,32,14,47,1.02,3,Rain-Thunderstorm,33
2014-3-23,29,24,20,20,18,14,88,70,44,1018,1015,1012,31,12,10,27,19,,0.00,5,,144
2014-3-24,23,20,17,19,17,15,94,85,62,1017,1015,1014,31,10,1,58,29,72,35.05,4,Rain-Thunderstorm,218
2014-3-25,25,21,17,20,18,16,94,80,55,1022,1019,1016,31,12,10,24,13,,0.25,5,Rain,7
2014-3-26,25,22,20,21,20,18,94,85,65,1023,1022,1020,26,11,1,39,13,,12.95,6,Rain,52
2014-3-27,23,21,19,21,18,14,94,82,59,1023,1021,1018,26,11,9,35,13,53,5.08,7,Rain,350
2014-3-28,25,21,18,20,17,14,94,77,53,1020,1015,1012,31,12,9,16,10,,0.51,6,Rain,319
2014-3-29,23,21,19,19,17,16,89,75,60,1018,1015,1012,31,13,10,35,19,,0.00,6,,211
2014-3-30,25,22,19,19,17,16,94,73,50,1022,1019,1018,31,12,6,27,14,,2.03,4,Rain-Thunderstorm,192
2014-3-31,24,21,18,18,17,15,94,74,49,1022,1020,1018,31,12,10,19,13,,0.00,2,,358