EST,Max TemperatureC,Mean TemperatureC,Min TemperatureC,Dew PointC,MeanDew PointC,Min DewpointC,Max Humidity, Mean Humidity, Min Humidity, Max Sea Level PressurehPa, Mean Sea Level PressurehPa, Min Sea Level PressurehPa, Max VisibilityKm, Mean VisibilityKm, Min VisibilitykM, Max Wind SpeedKm/h, Mean Wind SpeedKm/h, Max Gust SpeedKm/h,Precipitationmm, CloudCover, Events,WindDirDegrees
2014-4-1,28,22,17,18,17,13,88,68,34,1020,1018,1016,31,14,10,32,13,,0.00,4,,343
2014-4-2,27,22,18,20,18,17,88,73,44,1018,1016,1014,31,13,10,26,11,,0.00,1,,3
2014-4-3,28,23,19,21,19,17,94,73,44,1018,1016,1014,31,11,8,27,13,,0.25,4,Fog,11
2014-4-4,22,20,19,20,18,17,94,85,72,1019,1017,1015,31,12,10,37,26,,3.05,6,Rain-Thunderstorm,209
2014-4-5,23,20,18,18,17,15,94,80,64,1020,1017,1016,31,12,10,45,18,71,0.25,4,Fog,222
2014-4-6,21,19,17,19,16,13,94,81,56,1024,1021,1018,31,9,3,45,24,60,7.87,6,Rain,196
2014-4-7,22,19,16,16,14,9,88,67,39,1026,1024,1022,31,12,6,35,24,,2.03,5,Rain,156
2014-4-8,23,20,17,16,14,12,83,65,41,1024,1021,1019,31,12,10,19,11,,0.00,5,Rain,338
2014-4-9,24,20,16,16,14,13,82,64,45,1021,1019,1017,31,13,10,21,11,,0.00,5,,16
2014-4-10,22,20,18,19,17,15,94,79,62,1018,1014,1009,31,12,8,13,10,,2.03,7,Rain,334
2014-4-11,27,23,19,19,18,15,100,76,40,1009,1005,1002,31,12,6,35,16,52,7.11,6,Rain,287
2014-4-12,21,19,17,17,14,13,88,74,59,1015,1011,1007,31,11,5,52,31,72,0.76,5,Rain,230
2014-4-13,21,18,16,17,14,10,94,73,45,1019,1016,1014,31,11,4,39,27,53,2.03,5,Rain,211
2014-4-14,19,17,14,15,13,8,88,74,57,1021,1019,1017,26,12,10,40,24,60,1.02,5,Rain,223
2014-4-15,21,17,14,17,13,9,100,76,39,1021,1019,1018,26,11,4,39,23,53,8.89,5,Rain,217
2014-4-16,21,18,14,15,13,11,88,70,56,1020,1018,1017,26,11,10,35,24,35,0.25,3,Rain,219
2014-4-17,21,17,13,15,12,9,82,66,40,1020,1018,1017,31,14,10,35,19,53,0.00,3,,236
2014-4-18,26,19,13,15,9,6,82,54,20,1018,1014,1011,31,11,10,27,18,,0.00,1,,276
2014-4-19,19,18,16,13,10,7,77,56,35,1018,1015,1013,26,12,10,32,19,53,0.00,2,,207
2014-4-20,24,18,12,16,11,7,83,58,32,1018,1016,1014,31,13,10,26,13,,0.00,2,,335
2014-4-21,23,18,12,14,8,4,73,49,23,1021,1019,1017,31,12,10,23,13,,0.00,1,,270
2014-4-22,25,19,12,11,9,7,77,51,20,1020,1017,1014,31,28,26,19,13,,0.00,,,320
2014-4-23,24,19,13,13,10,7,72,53,26,1017,1016,1014,31,28,26,16,13,,0.00,,,343
2014-4-24,30,22,14,18,11,4,88,52,11,1018,1013,1011,31,22,10,37,16,48,0.00,1,,290
2014-4-25,22,19,17,17,14,12,94,68,47,1023,1020,1018,31,12,5,34,26,,5.08,4,Rain,71
2014-4-26,24,19,14,15,13,10,88,66,37,1019,1014,1011,31,21,10,21,11,,0.00,6,,314
2014-4-27,19,17,16,16,14,10,94,78,50,1026,1022,1017,31,11,6,34,23,48,2.03,5,Rain,193
2014-4-28,22,19,16,15,13,13,94,71,49,1026,1023,1021,31,12,10,23,13,,0.00,5,Rain,349
2014-4-29,26,20,14,16,13,11,88,62,29,1021,1016,1012,31,15,10,27,16,,0.00,4,,359
2014-4-30,23,19,16,17,11,2,88,57,19,1016,1012,1009,31,11,10,35,19,50,0.00,3,Rain,273