EST,Max TemperatureC,Mean TemperatureC,Min TemperatureC,Dew PointC,MeanDew PointC,Min DewpointC,Max Humidity, Mean Humidity, Min Humidity, Max Sea Level PressurehPa, Mean Sea Level PressurehPa, Min Sea Level PressurehPa, Max VisibilityKm, Mean VisibilityKm, Min VisibilitykM, Max Wind SpeedKm/h, Mean Wind SpeedKm/h, Max Gust SpeedKm/h,Precipitationmm, CloudCover, Events,WindDirDegrees
2014-2-1,27,24,21,20,19,17,88,74,48,1015,1013,1011,31,12,10,34,24,,0.00,3,,146
2014-2-2,29,26,22,19,18,14,83,61,33,1016,1014,1013,31,12,10,40,23,,0.00,2,,38
2014-2-3,29,26,22,18,16,10,73,54,21,1015,1013,1010,31,15,10,50,29,64,0.00,1,,29
2014-2-4,25,22,19,19,16,9,94,74,39,1023,1017,1010,26,10,5,50,27,66,0.51,6,Rain,156
2014-2-5,22,20,18,13,11,7,64,51,33,1024,1023,1021,31,13,10,37,27,,0.00,6,,154
2014-2-6,23,20,17,14,12,9,77,59,34,1022,1019,1016,31,13,10,26,14,,0.00,5,Rain,163
2014-2-7,27,21,16,16,13,12,77,55,31,1018,1016,1014,31,15,10,37,14,,0.00,2,,11
2014-2-8,30,24,19,19,16,12,78,56,25,1018,1016,1015,31,17,10,42,21,53,0.00,1,,28
2014-2-9,30,26,21,19,17,15,88,61,30,1019,1016,1013,31,12,10,42,24,55,0.00,2,,32
2014-2-10,23,22,20,19,18,17,94,78,61,1020,1017,1014,31,10,5,53,27,72,0.00,6,Rain,179
2014-2-11,25,22,20,20,19,17,94,78,60,1019,1016,1013,26,11,10,27,19,,0.00,6,Rain,158
2014-2-12,27,24,21,21,19,18,88,74,48,1018,1016,1014,23,11,9,32,21,,0.00,6,Rain,95
2014-2-13,29,26,21,21,18,14,94,64,32,1017,1013,1009,26,11,8,35,18,,0.00,6,Rain,40
2014-2-14,25,23,21,19,18,17,83,73,57,1012,1007,1005,26,12,10,24,14,,0.00,7,Rain,40
2014-2-15,27,24,21,22,21,19,94,82,55,1006,1001,997,26,10,6,27,14,,1.02,8,Rain,17
2014-2-16,24,22,19,23,21,18,100,88,73,1010,1001,997,26,9,3,42,19,53,4.06,7,Rain,174
2014-2-17,24,21,18,19,17,13,94,76,40,1014,1012,1009,31,11,6,35,24,,0.00,4,Rain,168
2014-2-18,24,22,19,20,17,14,83,72,53,1014,1011,1008,31,12,10,24,11,,0.00,5,Rain,48
2014-2-19,29,25,21,23,21,19,100,82,48,1008,1003,1000,26,10,1,34,14,,19.05,6,Rain,4
2014-2-20,26,23,20,21,13,7,94,53,21,1013,1007,1001,31,19,10,29,16,,0.00,6,,213
2014-2-21,25,22,18,16,9,1,65,45,17,1020,1015,1012,31,15,10,32,21,48,0.00,1,,195
2014-2-22,24,21,19,17,14,13,83,63,47,1023,1020,1018,31,12,10,26,21,,0.00,5,Rain,153
2014-2-23,24,21,19,16,14,10,73,58,43,1024,1022,1021,31,12,10,27,23,,0.00,4,,151
2014-2-24,26,22,19,18,16,13,73,62,44,1022,1019,1017,31,12,10,34,13,,0.00,3,,81
2014-2-25,29,24,20,18,17,14,88,63,31,1019,1015,1011,31,13,10,39,18,55,0.00,2,,16
2014-2-26,34,27,21,20,17,11,94,61,20,1015,1011,1009,26,13,5,37,18,48,4.06,3,Rain-Thunderstorm,30
2014-2-27,22,21,19,20,18,16,94,85,71,1022,1017,1013,26,11,3,40,24,,0.00,6,Rain,178
2014-2-28,22,20,18,18,16,13,94,74,51,1024,1022,1021,31,10,3,34,27,,1.02,6,Rain,162